.Random.seed <-
c(403L, 583L, -1281941630L, -1604858135L, 820440772L, -1233736531L, 
1862199475L, -1333762986L, 1507748507L, 1445606389L, -1638046741L, 
-1917057360L, -1296859413L, -2118854636L, 1514242445L, 1476023840L, 
-1488726205L, 72030563L, 838245038L, 1120311869L, 1220330739L, 
1589608534L, 421972131L, -1858507087L, -1306678448L, 1261093744L, 
130941230L, -1644307443L, -511590651L, -1548322259L, -304082604L, 
-1264948231L, -1601625242L, -1069722165L, 953349379L, 97259666L, 
1177363402L, 357189474L, -1297980138L, 184194893L, 2125705558L, 
-1444605754L, 1836062083L, 904614455L, -2133968844L, 1244898451L, 
-1417335726L, 1119283369L, -764282224L, -806985800L, 1148878847L, 
-349611910L, -1851369890L, -860863307L, 314462713L, 1822621534L, 
869135806L, 759357302L, -950434689L, -261353211L, -230835530L, 
-24750844L, 552600526L, 1745192350L, -1273939879L, 919279364L, 
837302882L, -1496633766L, 1234040041L, -465945801L, 745313453L, 
-919884454L, 271159381L, -485047723L, 1283731821L, 252309497L, 
-2052195091L, -1429905745L, 1351947490L, -879024890L, -1027533017L, 
-464962938L, 1968789068L, 222421496L, -40483770L, 1883154529L, 
-675982824L, -1271087300L, -304611003L, 731328015L, 42253789L, 
201622389L, -1310701599L, -1276237848L, -422273453L, -999917481L, 
-366945310L, 578477177L, 25690725L, -1452346473L, -1760793299L, 
1837053164L, 1700457729L, 80054977L, -1812526179L, 1351828909L, 
1906261601L, 1298445749L, 688901169L, 779308981L, 990699508L, 
-231352150L, 854159439L, 528859191L, 1515552858L, 824498591L, 
896087582L, -667662634L, -1078564244L, -2056730994L, 1137386220L, 
-1495923300L, -546894956L, -344024771L, 1374709478L, 668423300L, 
-626773733L, -519664447L, -2135832751L, 2018760869L, -189047860L, 
-184639421L, -1214357629L, -1586444162L, -208815207L, 573109655L, 
214474520L, 1023172780L, 82054412L, -264999515L, 1400265340L, 
-24600122L, -689356465L, 458377176L, -1143183852L, 553956700L, 
453005991L, -1961757155L, 445644163L, 671022007L, 41768219L, 
1072679542L, 2131423385L, 1983215923L, 1443419997L, -11996511L, 
-1741781373L, -150167210L, 1055474900L, 763826375L, 53477008L, 
-1439239443L, -474862409L, -33378073L, -1184508160L, -687026923L, 
566637218L, -1471069620L, 1079643759L, 914150206L, -1981331557L, 
1536580033L, -232503139L, 1220138028L, -1761720126L, -1233860567L, 
-33933428L, -404068935L, -348190097L, -1786932481L, -268184713L, 
-283479723L, 589532346L, -679215524L, -288779165L, 2011139759L, 
332858125L, -1279088928L, -2040776377L, -1412820040L, -1981105384L, 
-1984798129L, -2035004194L, 1963589669L, -1992990652L, 244664419L, 
-1496210520L, -172064697L, -1839573694L, 2132766624L, -1076235089L, 
11605146L, -1624713452L, -700837065L, -80028989L, 1820186536L, 
-1303891615L, -1990559712L, -56150548L, -1684901775L, 235470856L, 
695880851L, -1313700638L, 1351502217L, -1354566349L, 1810372169L, 
-657475903L, 396642773L, -2092747876L, 1578277607L, -224673106L, 
1697970544L, -1562003627L, 269052321L, -14486529L, -603303784L, 
-988687879L, -1119414375L, -610501501L, -1942491309L, 1505224186L, 
-1905506617L, 1281730158L, -161746463L, -469662288L, -152781744L, 
-1802555634L, -1091357975L, -1152693413L, -1097694644L, 2057718666L, 
-1189005627L, 443829446L, -1269405708L, -161598459L, -1861783858L, 
-1857628102L, 1523745182L, -1071546192L, 483913295L, -762551829L, 
306566221L, -391316888L, -1666281563L, -1739139557L, 512103780L, 
395744190L, -430760446L, -608592475L, -1511317797L, -543594803L, 
-571633949L, -1471917005L, 486278786L, 1022291664L, -2001048774L, 
1806631113L, 481361855L, -1241591892L, -591936718L, 671359864L, 
235393902L, -209482588L, 681409695L, -121079726L, -1740468099L, 
-1162127115L, 1903581074L, -476668648L, -1442576679L, 162972948L, 
492479602L, -1682406531L, -2133631302L, -1132110334L, 1761382915L, 
-1096182095L, -1403401742L, -189091836L, -2013357223L, 892463762L, 
616363424L, 195015992L, -275056772L, -1351998919L, 1834448054L, 
1119999499L, 346952106L, -1235273250L, -1701952992L, -839649044L, 
360563576L, -1163244215L, -1852418518L, -1292755880L, 1132932685L, 
627922634L, -1838970706L, 1444778014L, -981058469L, -899019566L, 
1992474667L, -227454758L, -1354386761L, -1657372153L, -331907690L, 
-2108412613L, -1129390316L, -461665126L, 1715481665L, 176587860L, 
55440269L, -1522310824L, -1521827611L, -1231763589L, -1949507545L, 
-485196347L, 1420891339L, -361160660L, -1458058503L, -280627723L, 
1360245702L, 1474509285L, -1227657212L, -1152232574L, -1557416434L, 
-1624818718L, 1699594247L, -1418883330L, 357514730L, 933827452L, 
1903532828L, -1332951912L, -201526538L, 440380131L, 142901386L, 
-447153673L, -2070520101L, 761876618L, -974433323L, 1365068046L, 
-1870310336L, 890210970L, 1477316641L, 602022713L, 403038623L, 
-1263498263L, 2125324226L, 1639516935L, -243222828L, 783316935L, 
1125870964L, -1867070518L, -55807783L, 1272645864L, -332054233L, 
66332868L, 924635531L, -1535796425L, -948138801L, -1446380761L, 
1322098141L, 1847270087L, -956173942L, -2116336141L, 1548429257L, 
1173821884L, 780487029L, -718097776L, -11034546L, -1015695578L, 
-626714997L, 2034257377L, 906450348L, -708994363L, 1216216510L, 
1612331717L, 1785555324L, -750084963L, -1333279051L, 813146450L, 
-1265800749L, 809883389L, 947083004L, -27160493L, -556509525L, 
587419593L, -214147171L, -52461097L, 512019873L, 971866048L, 
-595800642L, 792693449L, -91195711L, 1513197318L, 1885768544L, 
95729381L, 1166462292L, -1732254206L, 2055791L, -917726200L, 
-621385716L, -1069002828L, -1787414324L, 714040381L, 405254963L, 
90288944L, 1956858238L, 1661277383L, -1221770153L, 608178583L, 
-1556023713L, -736569555L, 1684670718L, 578817357L, 350916754L, 
1695026531L, -908120651L, -1824007483L, -1998211118L, 1457430117L, 
-389601265L, -212956799L, 453010134L, -1314111070L, -1076229703L, 
1889051132L, 274529330L, -264929822L, -193993294L, -1836115269L, 
544428421L, -304921980L, 2043945446L, 1647294020L, 1305586486L, 
-348537798L, 156344224L, 614507513L, 352856165L, -5179996L, 1747504506L, 
-1400966522L, 809039278L, -140973054L, -1616821773L, -2096125419L, 
1411352785L, 206461232L, -1564054751L, 696033604L, -512653574L, 
-2075266131L, 1459128883L, 1628977992L, 865982887L, 1434724851L, 
1607424652L, -404081176L, -1937936448L, -93861400L, -327861356L, 
451090330L, -376297419L, -504604173L, 543673345L, -1614102302L, 
-1300615267L, 914855760L, 726797846L, -1440217579L, 1623841219L, 
-1783344833L, -1833879276L, -1775349556L, -285830866L, 1125700770L, 
1788901507L, -1354168963L, -170551821L, -1842667723L, -62130403L, 
-18124447L, 1832444794L, 388484569L, 142459308L, -1160482868L, 
-394277873L, 1844779970L, -1078980695L, -489911181L, -965832970L, 
-1416121357L, 730984788L, -1334458379L, -1119470321L, 169230681L, 
-1764749713L, -941847025L, 704123485L, 1682248360L, 1098527736L, 
1296394186L, -300750399L, -1678117416L, 2145638731L, 669663485L, 
2007845435L, -1236135327L, -975182493L, -120602777L, 1682448662L, 
2073303920L, -1774709571L, -1627493681L, 1386405360L, 248290365L, 
-2111174802L, -166477720L, -1583805403L, 1453098494L, -652060692L, 
-1369022071L, -2082034091L, -2080402669L, -710100625L, 525980991L, 
458483837L, 297888389L, -1307776108L, -704753291L, -2046397915L, 
-1288590730L, 1078354594L, -438561879L, 1106453171L, 208639504L, 
-1245100753L, -640222962L, -689569052L, 1028684159L, 1324034930L, 
-1454014422L, -624032832L, 1172367567L, -475739481L, -577264841L, 
-156514271L, -2115131376L, 1348434059L, -1805190642L, 1835554447L, 
86353267L, -1263693068L, -615127469L, -538015147L, -201180670L, 
336704511L, -1963066145L, -343189054L, 1902670019L, -2144015871L, 
-1415725103L, 1956229107L, 1600670948L, -1798699867L, -323595283L, 
-187902865L, -2070318330L, 516368160L, -1626129718L, 1351736628L, 
-1838685532L, 1160839655L, -619596707L, -2067577469L, -1907517417L, 
1941692486L, 766840136L, -1563481601L, 1541973863L, 1047388194L, 
-1812291871L, -1373079622L, -160669810L, 1923031446L, 1112652461L, 
1835013255L, 648302077L, -1999924332L, 295419300L, -1872766637L, 
